../../../../../../.git/annex/objects/g0/J6/SHA256E-s161--01db2c5b89e24e85f08287443bcf1e18c6f05f4a09876a8fab6cdeec1de94fcd.csv/SHA256E-s161--01db2c5b89e24e85f08287443bcf1e18c6f05f4a09876a8fab6cdeec1de94fcd.csv